Bits Ages Millenniums (A.K.A. B.A.M.) [AGABAL®]



----------------



1699 0.00000011920928955078125-bit
1709 0.0000002384185791015625-bit
1719 0.000000476837158203125-bit
1729 0.00000095367431640625-bit
1739 0.0000019073486328125-bit
1749 0.000003814697265625-bit
1759 0.00000762939453125-bit
1769 0.0000152587890625-bit
1779 0.000030517578125-bit
1789 0.00006103515625-bit
1799 0.0001220703125-bit
1809 0.000244140625-bit
1819 0.00048828125-bit
1829 0.0009765625-bit
1839 0.001953125-bit
1849 0.00390625-bit
1859 0.0078125-bit
1869 0.015625-bit
1879 0.03125-bit
1889 0.0625-bit
1899 0.125-bit
1909 0.25-bit
1919 0.5-bit
1929 1-bit
1939 2-bit
1949 4-bit
1959 8-bit
1969 16-bit
1979 32-bit
1989 64-bit
1999 128-bit
2009 256-bit
2019 512-bit
2029 1,024-bit
2039 2,048-bit
2049 4,096-bit
2059 8,192-bit
2069 16,384-bit
2079 32,768-bit
2089 65,536-bit
2099 131,072-bit
2109 262,144-bit
2119 524,288-bit
2129 1,048,576-bit
2139 2,097,152-bit
2149 4,194,304-bit
2159 8,388,608-bit
2169 16,777,216-bit
2179 33,554,432-bit
2189 67,108,864-bit
2199 134,217,728-bit
2209 268,435,456-bit
2219 536,870,912-bit
2229 1,073,741,824-bit
2239 2,147,483,648-bit
2249 4,294,967,296-bit
2259 8,589,934,592-bit
2269 17,179,869,184-bit
2279 34,359,738,368-bit
2289 68,719,476,736-bit
2299 137,438,953,472-bit
2309 274,877,906,944-bit
2319 549,755,813,888-bit
2329 1,099,511,627,776-bit
2339 2,199,023,255,552-bit
2349 4,398,046,511,104-bit
2359 8,796,093,022,208-bit
2369 17,592,186,044,416-bit
2379 35,184,372,088,832-bit
2389 70,368,744,177,664-bit
2399 140,737,488,355,328-bit
2409 281,474,976,710,656-bit
2419 562,949,953,421,312-bit
2429 1,125,899,906,842,624-bit
2439 2,251,799,813,685,248-bit
2449 4,503,599,627,370,496-bit
2459 9,007,199,254,740,992-bit
2469 18,014,398,509,481,984-bit
2479 36,028,797,018,963,968-bit
2489 72,057,594,037,927,936-bit
2499 144,115,188,075,855,872-bit
2509 288,230,376,151,711,744-bit
2519 576,460,752,303,423,488-bit
2529 1,152,921,504,606,846,976-bit
2539 2,305,843,009,213,693,952-bit
2549 4,611,686,018,427,387,904-bit
2559 9,223,372,036,854,775,808-bit
2569 18,446,744,073,709,551,616-bit
2579 36,893,488,147,419,103,232-bit
2589 73,786,976,294,838,206,464-bit
2599 147,573,952,589,676,412,928-bit
2609 295,147,905,179,352,825,856-bit
2619 590,295,810,358,705,651,712-bit
2629 1,180,591,620,717,411,303,424-bit
2639 2,361,183,241,434,822,606,848-bit
2649 4,722,366,482,869,645,213,696-bit
2659 9,444,732,965,739,290,427,392-bit
2669 18,889,465,931,478,580,854,784-bit
2679 37,778,931,862,957,161,709,568-bit
2689 75,557,863,725,914,323,419,136-bit
2699 151,115,727,451,828,646,838,272-bit
2709 302,231,454,903,657,293,676,544-bit



----------------



-Matthew Gordon Roulston Ambitionfire 2:34 PM 24th (Thursday) / 09 (September) / 2026